Random Player
5 4 4 6 4 4 1 2 4 1 1 1 6 5 2 1 5 2 4 1 2 1 6 4 2 2 2 1 1 6
3
76 44 74 46 77 73
76 44 74 46 87 73
76 44 74 36 87 73
76 44 74 35 87 73
76 44 -1 35 87 74
76 44 -1 25 87 74
76 44 -1 24 87 74
75 44 -1 24 87 74
75 35 -1 24 87 74
75 -1 -1 35 87 74
65 -1 -1 35 87 74
56 -1 -1 35 87 74
66 -1 -1 35 87 74
66 -1 -1 35 87 64
66 -1 -1 35 88 64
67 -1 -1 35 88 64
76 -1 -1 35 88 64
76 -1 -1 35 79 64
67 -1 -1 35 79 64
67 -1 -1 34 79 64
77 -1 -1 34 79 64
77 -1 -1 43 79 64
78 -1 -1 43 79 64
78 -1 -1 43 79 63
78 -1 -1 34 79 63
78 -1 -1 23 79 63
78 -1 -1 24 79 63
67 -1 -1 24 79 63
57 -1 -1 24 79 63
66 -1 -1 24 79 63
66 -1 -1 24 79 73
